If your ID is int that list,
your score is set to 0/100.

16221252
16301005
16301007
16301009
16301016
16301036
16301040
16301046
16301047
16301053
16301061
16301063
16301070
16301072
16301073
16301075
16301081
16301082
16301089
16301092
16301094
16301096
16301099
16301100
16301106
16301109
16301111
16301114
16301116
16301120
16301126
16301141
16301144
16301148
16301149
16301152
16301153
16301155
16301160
16301163
16301164
16301168
17309003
17309004
17309005
17309006
17929051
17929057
17929059
17929062
